function4_0 530 327 4 1
function1_1 649 10 1 2
function1_2 1112 17 1 3
function3_3 3127 73 3 4
function1_4 3237 30 1 5
function2_5 3954 45 2 6
function4_6 4099 121 4 7
function1_7 4147 43 1 8
function1_8 5022 11 1 9
function1_9 5026 28 1 10
function3_10 5261 124 3 11
function1_11 5766 30 1 12
function5_12 5863 575 5 13
function1_13 5909 30 1 14
function5_14 5988 3215 5 15
function1_15 7103 12 1 16
function1_16 7266 10 1 17
function5_17 9366 2200 5 18
function4_18 9691 316 4 19
function1_19 10219 41 1 20
function4_20 10468 166 4 21
function2_21 10828 88 2 22
function4_22 11337 364 4 23
function1_23 12330 18 1 24
function1_24 12493 17 1 25
function5_25 13443 2208 5 26
function1_26 13646 12 1 27
function4_27 14365 264 4 28
function4_28 15557 331 4 29
function4_29 15937 234 4 30
function2_30 16225 22 2 31
function5_31 16478 2268 5 32
function1_32 16568 31 1 33
function5_33 16793 1438 5 34
function1_34 17102 30 1 35
function4_35 18618 459 4 36
function5_36 18800 1856 5 37
function1_37 19122 10 1 38
function3_38 19816 73 3 39
function4_39 19924 174 4 40
function1_40 20521 30 1 41
function1_41 21049 30 1 42
function2_42 21114 15 2 43
function4_43 22002 295 4 44
function1_44 22408 27 1 45
function2_45 24205 79 2 46
function5_46 24440 2259 5 47
function1_47 25207 15 1 48
function1_48 26401 34 1 49
function3_49 26955 10 3 50
function1_50 27573 44 1 51
function5_51 27581 3339 5 52
function4_52 28077 528 4 53
function1_53 28516 10 1 54
function1_54 28938 10 1 55
function1_55 29568 10 1 56
function1_56 29796 12 1 57
function4_57 30027 118 4 58
function1_58 30696 10 1 59
function1_59 30977 48 1 60
function4_60 32415 382 4 61
function1_61 33070 24 1 62
function2_62 33151 106 2 63
function4_63 33489 418 4 64
function1_64 33953 33 1 65
function5_65 34070 1991 5 66
function1_66 34095 17 1 67
function1_67 34399 29 1 68
function4_68 35284 455 4 69
function4_69 36353 94 4 70
function1_70 36727 44 1 71
function1_71 38174 18 1 72
function4_72 39070 261 4 73
function1_73 39136 37 1 74
function4_74 39163 313 4 75
function1_75 39948 31 1 76
function1_76 40167 10 1 77
function5_77 41151 1330 5 78
function3_78 41256 63 3 79
function1_79 41469 14 1 80
function5_80 41592 2908 5 81
function5_81 41836 2509 5 82
function4_82 42326 409 4 83
function1_83 42403 16 1 84
function3_84 42585 52 3 85
function4_85 42916 133 4 86
function3_86 43197 124 3 87
function5_87 44226 1579 5 88
function5_88 44274 3374 5 89
function5_89 44891 2387 5 90
function5_90 46296 3268 5 91
function4_91 47073 10 4 92
function5_92 49651 1512 5 93
function5_93 50912 3743 5 94
function1_94 50925 31 1 95
function5_95 50949 3310 5 96
function5_96 51078 3886 5 97
function1_97 52095 48 1 98
function1_98 53632 38 1 99
function1_99 54164 25 1 100
function4_100 54495 474 4 101
function2_101 54702 10 2 102
function5_102 55317 742 5 103
function5_103 55780 1243 5 104
function3_104 55888 61 3 105
function4_105 56708 269 4 106
function5_106 56929 2833 5 107
function4_107 57071 229 4 108
function1_108 58970 32 1 109
function1_109 59214 34 1 110
function4_110 59660 28 4 111
function5_111 59699 1705 5 112
function1_112 59998 44 1 113
function1_113 60038 37 1 114
function5_114 60266 2155 5 115
function5_115 60372 1011 5 116
function3_116 61077 87 3 117
function5_117 62535 1881 5 118
function1_118 62804 50 1 119
function4_119 63009 264 4 120
function2_120 63273 80 2 121
function1_121 67245 10 1 122
function4_122 67320 305 4 123
function1_123 67431 10 1 124
function1_124 67869 28 1 125
function3_125 68605 235 3 126
function1_126 68978 27 1 127
function5_127 69147 2268 5 128
function2_128 70853 20 2 129
function4_129 71532 198 4 130
function2_130 72179 10 2 131
function3_131 72638 58 3 132
function1_132 72733 14 1 133
function2_133 72873 51 2 134
function2_134 73765 112 2 135
function5_135 74284 497 5 136
function5_136 76155 2327 5 137
function1_137 78119 10 1 138
function5_138 78286 3900 5 139
function2_139 78927 44 2 140
function5_140 79167 4321 5 141
function5_141 79734 3906 5 142
function1_142 80242 10 1 143
function1_143 80397 39 1 144
function1_144 80565 21 1 145
function3_145 81552 108 3 146
function5_146 81879 906 5 147
function4_147 82059 482 4 148
function4_148 82372 257 4 149
function4_149 82782 141 4 150
function1_150 82835 10 1 151
function1_151 83325 36 1 152
function1_152 83873 11 1 153
function1_153 85629 38 1 154
function1_154 85731 15 1 155
function4_155 85950 407 4 156
function1_156 86090 10 1 157
function5_157 86911 4502 5 158
function1_158 87348 17 1 159
function1_159 88330 24 1 160
function1_160 88377 34 1 161
function2_161 88395 50 2 162
function1_162 89021 24 1 163
function1_163 89576 25 1 164
function1_164 90532 39 1 165
function5_165 90964 1773 5 166
function1_166 91080 30 1 167
function1_167 91614 10 1 168
function5_168 91795 430 5 169
function1_169 92048 13 1 170
function1_170 92874 29 1 171
function2_171 93035 105 2 172
function1_172 93337 35 1 173
function1_173 93511 50 1 174
function1_174 93643 38 1 175
function4_175 94683 335 4 176
function1_176 95183 25 1 177
function2_177 95187 81 2 178
function4_178 95201 415 4 179
function1_179 95463 23 1 180
function4_180 95469 416 4 181
function5_181 95629 1181 5 182
function4_182 96208 364 4 183
function5_183 96547 874 5 184
function1_184 96762 10 1 185
function2_185 96791 122 2 186
function4_186 97843 244 4 187
function1_187 98371 20 1 188
function4_188 98793 205 4 189
function1_189 98818 38 1 190
function5_190 99103 2221 5 191
function1_191 100115 10 1 192
function1_192 100142 10 1 193
function5_193 101156 1062 5 194
function1_194 101416 22 1 195
function5_195 102327 2991 5 196
function5_196 102396 1655 5 197
function5_197 102681 2973 5 198
function2_198 103500 132 2 199
function1_199 103981 45 1 200
function5_200 104203 1081 5 201
function4_201 104660 331 4 202
function1_202 104919 36 1 203
function1_203 105406 50 1 204
function2_204 105499 135 2 205
function5_205 105692 10 5 206
function4_206 106337 453 4 207
function5_207 107192 1061 5 208
function2_208 107748 112 2 209
function5_209 109326 1963 5 210
function1_210 109350 30 1 211
function1_211 109388 25 1 212
function2_212 109445 86 2 213
function5_213 109939 3552 5 214
function1_214 110022 47 1 215
function1_215 111378 14 1 216
function1_216 111535 24 1 217
function5_217 111664 2477 5 218
function2_218 111828 35 2 219
function4_219 112292 405 4 220
function4_220 113065 380 4 221
function5_221 113494 2993 5 222
function5_222 114076 3374 5 223
function1_223 114313 10 1 224
function2_224 114781 10 2 225
function2_225 115234 39 2 226
function1_226 115968 29 1 227
function1_227 116749 58 1 228
function4_228 118337 398 4 229
function1_229 118487 35 1 230
function4_230 118745 307 4 231
function1_231 119110 10 1 232
function1_232 119412 27 1 233
function4_233 120230 226 4 234
function5_234 120564 930 5 235
function5_235 120889 2183 5 236
function4_236 123532 474 4 237
function5_237 123861 1204 5 238
function1_238 124429 44 1 239
function1_239 124681 35 1 240
function4_240 125302 256 4 241
function1_241 125994 10 1 242
function1_242 126502 23 1 243
function4_243 127135 529 4 244
function4_244 127143 184 4 245
function1_245 127219 22 1 246
function1_246 127404 37 1 247
function1_247 128002 37 1 248
function2_248 128272 110 2 249
function5_249 128297 2174 5 250
function1_250 128306 22 1 251
function5_251 129147 3183 5 252
function1_252 129265 36 1 253
function1_253 129594 12 1 254
function1_254 130151 28 1 255
function4_255 130384 264 4 256
function1_256 130471 34 1 257
function1_257 131052 28 1 258
function4_258 131736 344 4 259
function1_259 132704 19 1 260
function4_260 133054 252 4 261
function4_261 133306 189 4 262
function1_262 133392 10 1 263
function3_263 133405 31 3 264
function4_264 134827 467 4 265
function1_265 135015 30 1 266
function5_266 135056 2351 5 267
function1_267 135327 37 1 268
function5_268 136351 2349 5 269
function4_269 136747 364 4 270
function3_270 137120 178 3 271
function5_271 137242 2864 5 272
function1_272 137515 13 1 273
function4_273 137758 354 4 274
function2_274 138167 15 2 275
function5_275 138707 1450 5 276
function2_276 139537 84 2 277
function5_277 140818 3131 5 278
function2_278 140838 123 2 279
function4_279 141405 199 4 280
function4_280 142007 130 4 281
function1_281 142089 43 1 282
function1_282 142465 10 1 283
function1_283 142964 48 1 284
function1_284 143121 37 1 285
function3_285 143266 177 3 286
function4_286 143290 381 4 287
function4_287 143468 354 4 288
function5_288 144240 3560 5 289
function5_289 144353 327 5 290
function5_290 144965 10 5 291
function4_291 145082 281 4 292
function4_292 145571 248 4 293
function4_293 146060 294 4 294
function1_294 146734 32 1 295
function5_295 146798 1907 5 296
function4_296 146930 349 4 297
function1_297 147240 38 1 298
function4_298 147660 503 4 299
function4_299 149526 254 4 300
function1_300 150092 24 1 301
function1_301 150549 13 1 302
function1_302 150928 30 1 303
function5_303 151845 2846 5 304
function1_304 152369 13 1 305
function4_305 152401 489 4 306
function1_306 152525 10 1 307
function5_307 152695 404 5 308
function4_308 153356 92 4 309
function1_309 154638 37 1 310
function4_310 155286 309 4 311
function1_311 156295 21 1 312
function1_312 156483 43 1 313
function4_313 156892 309 4 314
function5_314 157982 2113 5 315
function4_315 158317 117 4 316
function4_316 158526 485 4 317
function1_317 159049 31 1 318
function1_318 162653 29 1 319
function1_319 162661 20 1 320
function5_320 162761 3590 5 321
function2_321 163355 159 2 322
function5_322 164941 1972 5 323
function1_323 164960 38 1 324
function1_324 165392 21 1 325
function1_325 167211 29 1 326
function1_326 168090 33 1 327
function2_327 168404 75 2 328
function1_328 168584 15 1 329
function1_329 168614 13 1 330
function1_330 168802 46 1 331
function3_331 168868 223 3 332
function3_332 168945 88 3 333
function1_333 169044 32 1 334
function1_334 169158 21 1 335
function1_335 169564 29 1 336
function4_336 169875 367 4 337
function4_337 170954 390 4 338
function5_338 171160 2766 5 339
function5_339 171818 1909 5 340
function1_340 173746 14 1 341
function4_341 174077 356 4 342
function1_342 174827 31 1 343
function1_343 176056 30 1 344
function1_344 176644 55 1 345
function1_345 176869 43 1 346
function5_346 176892 453 5 347
function1_347 176909 42 1 348
function1_348 177004 29 1 349
function2_349 177867 60 2 350
function5_350 178184 2037 5 351
function5_351 178229 2427 5 352
function4_352 179208 248 4 353
function5_353 180966 458 5 354
function4_354 182466 399 4 355
function4_355 182502 457 4 356
function1_356 182544 33 1 357
function1_357 182751 10 1 358
function4_358 183412 325 4 359
function1_359 183825 10 1 360
function1_360 185182 34 1 361
function1_361 185851 18 1 362
function2_362 186484 105 2 363
function1_363 187040 37 1 364
function1_364 187645 10 1 365
function2_365 187971 61 2 366
function4_366 188300 486 4 367
function5_367 188717 755 5 368
function5_368 188725 2319 5 369
function1_369 189127 40 1 370
function1_370 189213 20 1 371
function1_371 189821 42 1 372
function1_372 190355 44 1 373
function4_373 191319 456 4 374
function1_374 191576 18 1 375
function1_375 192416 18 1 376
function1_376 192627 31 1 377
function1_377 193093 32 1 378
function5_378 193101 726 5 379
function4_379 193774 314 4 380
function5_380 193780 2636 5 381
function1_381 194114 21 1 382
function4_382 195536 433 4 383
function4_383 196087 344 4 384
function1_384 196196 15 1 385
function1_385 196643 26 1 386
function4_386 196793 166 4 387
function1_387 198832 24 1 388
function5_388 198856 1539 5 389
function1_389 198983 25 1 390
function1_390 199128 29 1 391
function1_391 199501 28 1 392
function5_392 199780 2348 5 393
function5_393 200153 542 5 394
function1_394 200491 32 1 395
function1_395 201854 10 1 396
function1_396 203045 14 1 397
function5_397 204037 1393 5 398
function4_398 205180 269 4 399
function5_399 205293 886 5 400
function2_400 208011 33 2 401
function5_401 209021 753 5 402
function1_402 209830 10 1 403
function5_403 210795 2589 5 404
function3_404 211947 211 3 405
function5_405 212490 2821 5 406
function1_406 213220 14 1 407
function5_407 213852 1937 5 408
function4_408 213991 268 4 409
function4_409 216468 336 4 410
function1_410 217493 25 1 411
function1_411 217557 33 1 412
function1_412 217580 37 1 413
function1_413 218081 20 1 414
function1_414 218573 10 1 415
function5_415 220075 1489 5 416
function3_416 220848 116 3 417
function2_417 220964 67 2 418
function5_418 221498 3568 5 419
function1_419 222433 48 1 420
function1_420 223359 27 1 421
function3_421 224119 176 3 422
function5_422 225888 3633 5 423
function2_423 226245 10 2 424
function2_424 226651 87 2 425
function1_425 226914 41 1 426
function4_426 226924 415 4 427
function4_427 227694 93 4 428
function5_428 228427 2906 5 429
function1_429 228435 33 1 430
function1_430 228680 25 1 431
function2_431 229243 99 2 432
function4_432 229336 245 4 433
function1_433 229445 10 1 434
function2_434 230037 125 2 435
function2_435 230151 66 2 436
function1_436 230312 25 1 437
function1_437 230346 29 1 438
function1_438 231108 10 1 439
function2_439 231115 64 2 440
function1_440 231200 24 1 441
function1_441 231760 26 1 442
function4_442 232594 196 4 443
function1_443 232818 10 1 444
function1_444 233462 22 1 445
function5_445 234225 2756 5 446
function1_446 234617 41 1 447
function1_447 234696 33 1 448
function2_448 234808 102 2 449
function4_449 234874 10 4 450
function1_450 234973 14 1 451
function5_451 234987 1248 5 452
function2_452 235299 10 2 453
function1_453 237039 24 1 454
function2_454 237120 91 2 455
function5_455 237311 2893 5 456
function5_456 237420 2997 5 457
function1_457 237894 16 1 458
function5_458 238864 1237 5 459
function4_459 238942 300 4 460
function4_460 239104 10 4 461
function2_461 239430 43 2 462
function4_462 239600 678 4 463
function1_463 239704 17 1 464
function5_464 239955 3044 5 465
function1_465 240219 21 1 466
function2_466 240633 46 2 467
function1_467 241324 22 1 468
function3_468 241346 148 3 469
function1_469 241497 10 1 470
function1_470 241548 28 1 471
function2_471 242732 78 2 472
function1_472 243507 15 1 473
function1_473 243547 32 1 474
function5_474 244272 1402 5 475
function4_475 244900 297 4 476
function4_476 245656 255 4 477
function5_477 245912 1533 5 478
function1_478 246194 10 1 479
function1_479 246765 10 1 480
function1_480 247161 34 1 481
function4_481 247361 278 4 482
function1_482 247671 59 1 483
function1_483 248395 28 1 484
function4_484 248828 202 4 485
function1_485 249275 26 1 486
function4_486 250100 148 4 487
function1_487 250126 29 1 488
function2_488 250838 98 2 489
function1_489 250912 30 1 490
function4_490 251660 542 4 491
function1_491 252089 27 1 492
function4_492 252580 282 4 493
function1_493 252873 24 1 494
function5_494 253086 1864 5 495
function4_495 253389 249 4 496
function5_496 253597 2698 5 497
function4_497 253899 326 4 498
function4_498 254216 290 4 499
function2_499 255180 89 2 500
function5_500 256324 1416 5 501
function1_501 256493 23 1 502
function5_502 256747 2451 5 503
function4_503 256938 226 4 504
function1_504 257493 22 1 505
function1_505 257852 32 1 506
function1_506 258900 53 1 507
function1_507 258948 10 1 508
function5_508 259474 2202 5 509
function1_509 259844 23 1 510
function2_510 260366 14 2 511
function2_511 260964 99 2 512
function5_512 261044 1667 5 513
function5_513 262150 3412 5 514
function4_514 262869 512 4 515
function1_515 263392 18 1 516
function2_516 263460 106 2 517
function2_517 263647 21 2 518
function5_518 264296 3217 5 519
function4_519 264301 301 4 520
function1_520 264857 13 1 521
function5_521 265100 1390 5 522
function1_522 265115 16 1 523
function4_523 265548 304 4 524
function1_524 266468 26 1 525
function2_525 266652 137 2 526
function4_526 267008 378 4 527
function1_527 267422 26 1 528
function4_528 267666 459 4 529
function1_529 267774 43 1 530
function1_530 269176 35 1 531
function4_531 269953 376 4 532
function1_532 270191 30 1 533
function4_533 270334 481 4 534
function1_534 270992 38 1 535
function1_535 271688 25 1 536
function1_536 271771 10 1 537
function1_537 272331 27 1 538
function5_538 272521 1714 5 539
function4_539 273175 42 4 540
function1_540 277053 31 1 541
function2_541 279586 82 2 542
function3_542 279809 48 3 543
function1_543 280546 26 1 544
function4_544 281078 459 4 545
function1_545 282476 40 1 546
function5_546 282594 1484 5 547
function1_547 283225 15 1 548
function4_548 283783 83 4 549
function3_549 284193 211 3 550
function5_550 284225 2630 5 551
function4_551 285769 374 4 552
function2_552 285993 81 2 553
function1_553 286334 34 1 554
function1_554 287181 24 1 555
function1_555 287447 26 1 556
function1_556 287830 44 1 557
function1_557 289339 19 1 558
function1_558 289838 32 1 559
function5_559 290165 697 5 560
function1_560 290180 16 1 561
function1_561 290235 10 1 562
function1_562 290946 36 1 563
function1_563 291566 30 1 564
function4_564 291750 449 4 565
function1_565 291899 40 1 566
function4_566 292107 303 4 567
function3_567 292463 143 3 568
function5_568 292566 1497 5 569
function4_569 293266 339 4 570
function5_570 293804 2813 5 571
function2_571 294342 121 2 572
function2_572 295869 71 2 573
function1_573 296371 12 1 574
function4_574 296936 434 4 575
function5_575 297410 1711 5 576
function5_576 297450 1755 5 577
function1_577 297792 10 1 578
function2_578 298008 47 2 579
function1_579 299825 10 1 580
function3_580 299986 126 3 581
function1_581 300117 19 1 582
function1_582 301347 35 1 583
function5_583 301595 1738 5 584
function1_584 301872 19 1 585
function1_585 301905 23 1 586
function4_586 303201 294 4 587
function1_587 303760 36 1 588
function1_588 304027 27 1 589
function4_589 304234 147 4 590
function1_590 305231 19 1 591
function1_591 306266 26 1 592
function1_592 308257 42 1 593
function1_593 308426 18 1 594
function4_594 308796 328 4 595
function1_595 310644 35 1 596
function1_596 310708 45 1 597
function4_597 310951 10 4 598
function1_598 311638 10 1 599
function1_599 311866 14 1 600
function4_600 312612 532 4 601
function1_601 313881 16 1 602
function1_602 313956 17 1 603
function5_603 314236 2461 5 604
function1_604 314590 18 1 605
function1_605 315143 27 1 606
function1_606 316079 15 1 607
function1_607 316292 18 1 608
function4_608 317011 242 4 609
function4_609 317022 10 4 610
function1_610 318213 24 1 611
function1_611 318242 18 1 612
function1_612 318367 28 1 613
function3_613 318716 115 3 614
function1_614 319195 35 1 615
function4_615 319380 10 4 616
function1_616 319441 45 1 617
function4_617 319880 227 4 618
function1_618 319959 24 1 619
function2_619 320645 34 2 620
function1_620 321003 33 1 621
function3_621 321583 210 3 622
function1_622 321710 29 1 623
function3_623 322105 53 3 624
function1_624 322315 28 1 625
function2_625 322422 37 2 626
function1_626 322843 13 1 627
function1_627 323182 25 1 628
function4_628 323733 149 4 629
function3_629 324014 218 3 630
function4_630 324221 449 4 631
function4_631 325090 466 4 632
function5_632 325334 1608 5 633
function1_633 325600 10 1 634
function4_634 326986 297 4 635
function1_635 327992 28 1 636
function4_636 328139 399 4 637
function1_637 328195 10 1 638
function4_638 328428 179 4 639
function1_639 328711 46 1 640
function4_640 329153 80 4 641
function1_641 329537 35 1 642
function1_642 329617 29 1 643
function5_643 330082 291 5 644
function4_644 330415 388 4 645
function4_645 330563 283 4 646
function4_646 330887 106 4 647
function3_647 331289 155 3 648
function1_648 331806 11 1 649
function1_649 331935 33 1 650
function1_650 332127 18 1 651
function5_651 332245 2992 5 652
function1_652 332490 18 1 653
function1_653 332608 54 1 654
function5_654 333511 1896 5 655
function1_655 333533 22 1 656
function5_656 333712 1011 5 657
function4_657 334167 503 4 658
function2_658 334346 39 2 659
function5_659 334582 352 5 660
function1_660 334615 12 1 661
function1_661 334921 27 1 662
function5_662 335773 3400 5 663
function4_663 336676 345 4 664
function1_664 336997 24 1 665
function5_665 337395 1142 5 666
function1_666 338195 24 1 667
function4_667 338640 209 4 668
function2_668 338665 88 2 669
function1_669 339491 21 1 670
function1_670 339522 15 1 671
function1_671 341018 44 1 672
function4_672 341877 377 4 673
function4_673 341879 239 4 674
function5_674 342919 1489 5 675
function1_675 343912 10 1 676
function1_676 344014 18 1 677
function1_677 344332 10 1 678
function4_678 344406 331 4 679
function4_679 344701 418 4 680
function4_680 345173 313 4 681
function5_681 346222 1407 5 682
function5_682 346694 3202 5 683
function3_683 347169 14 3 684
function4_684 347298 293 4 685
function1_685 347531 10 1 686
function2_686 347860 62 2 687
function4_687 347875 516 4 688
function5_688 348326 3554 5 689
function5_689 349740 3209 5 690
function1_690 349811 12 1 691
function4_691 350280 164 4 692
function5_692 351288 1322 5 693
function1_693 352279 32 1 694
function1_694 352780 31 1 695
function1_695 353091 24 1 696
function2_696 354092 82 2 697
function3_697 354354 258 3 698
function1_698 355001 19 1 699
function5_699 355594 3039 5 700
function1_700 356521 14 1 701
function2_701 356926 61 2 702
function1_702 357818 25 1 703
function1_703 358295 12 1 704
function5_704 358514 4723 5 705
function4_705 359424 451 4 706
function5_706 359506 717 5 707
function1_707 359762 37 1 708
function1_708 360068 41 1 709
function1_709 360595 12 1 710
function1_710 360887 32 1 711
function1_711 361804 11 1 712
function1_712 363089 10 1 713
function2_713 363798 97 2 714
function1_714 363885 10 1 715
function1_715 365380 45 1 716
function5_716 365794 3821 5 717
function1_717 365795 35 1 718
function5_718 366444 3119 5 719
function3_719 366851 150 3 720
function4_720 368542 497 4 721
function4_721 368596 306 4 722
function1_722 369248 22 1 723
function4_723 369638 287 4 724
function5_724 369772 2545 5 725
function1_725 370585 10 1 726
function1_726 370796 14 1 727
function5_727 371634 1716 5 728
function4_728 372113 322 4 729
function5_729 372715 1893 5 730
function4_730 373821 124 4 731
function1_731 373903 23 1 732
function4_732 374004 389 4 733
function1_733 374801 10 1 734
function3_734 375271 123 3 735
function4_735 375471 397 4 736
function1_736 376072 24 1 737
function1_737 376484 10 1 738
function5_738 376532 2228 5 739
function2_739 378878 46 2 740
function1_740 378985 10 1 741
function1_741 379178 35 1 742
function4_742 379672 94 4 743
function1_743 379825 26 1 744
function1_744 380185 24 1 745
function5_745 380600 2605 5 746
function1_746 380603 19 1 747
function1_747 381159 16 1 748
function4_748 381787 523 4 749
function1_749 381866 39 1 750
function5_750 381900 4583 5 751
function1_751 382266 10 1 752
function3_752 382492 46 3 753
function4_753 382966 333 4 754
function5_754 383662 1409 5 755
function4_755 383827 430 4 756
function1_756 383886 15 1 757
function4_757 385253 596 4 758
function5_758 385433 1199 5 759
function1_759 386288 19 1 760
function1_760 386501 34 1 761
function1_761 386879 20 1 762
function1_762 387446 10 1 763
function1_763 387519 19 1 764
function5_764 388112 3566 5 765
function3_765 388209 83 3 766
function4_766 389483 318 4 767
function4_767 391155 501 4 768
function1_768 391318 31 1 769
function4_769 391589 613 4 770
function1_770 392399 16 1 771
function5_771 393079 1331 5 772
function4_772 393103 350 4 773
function2_773 393421 42 2 774
function5_774 393741 2223 5 775
function1_775 394804 10 1 776
function1_776 395627 10 1 777
function1_777 395938 34 1 778
function5_778 396095 2196 5 779
function5_779 396971 771 5 780
function1_780 396990 23 1 781
function1_781 397206 30 1 782
function3_782 398928 138 3 783
function5_783 399093 2688 5 784
function1_784 399206 27 1 785
function1_785 400016 14 1 786
function1_786 400479 35 1 787
function5_787 400649 1419 5 788
function5_788 401215 2219 5 789
function1_789 402411 19 1 790
function1_790 403054 18 1 791
function4_791 403442 414 4 792
function5_792 403776 2972 5 793
function1_793 404161 28 1 794
function1_794 404931 20 1 795
function5_795 405867 2054 5 796
function1_796 405989 45 1 797
function2_797 406220 10 2 798
function3_798 406245 151 3 799
function1_799 407325 13 1 800
function5_800 407596 2095 5 801
function4_801 407978 301 4 802
function2_802 408311 92 2 803
function4_803 408345 373 4 804
function4_804 408704 354 4 805
function1_805 409632 16 1 806
function2_806 409757 68 2 807
function1_807 409797 41 1 808
function1_808 410943 29 1 809
function2_809 411109 94 2 810
function5_810 411117 3949 5 811
function1_811 411486 31 1 812
function1_812 411970 11 1 813
function1_813 411994 48 1 814
function1_814 412084 32 1 815
function2_815 412206 45 2 816
function4_816 412272 74 4 817
function1_817 412537 18 1 818
function2_818 414281 85 2 819
function1_819 414458 39 1 820
function1_820 414577 10 1 821
function1_821 414753 34 1 822
function4_822 415444 482 4 823
function5_823 415719 1078 5 824
function1_824 416332 10 1 825
function2_825 416395 34 2 826
function5_826 416477 602 5 827
function3_827 417502 201 3 828
function2_828 417709 98 2 829
function4_829 418012 195 4 830
function2_830 418732 120 2 831
function5_831 419882 1377 5 832
function4_832 420759 395 4 833
function5_833 421101 2537 5 834
function1_834 421253 18 1 835
function1_835 421330 37 1 836
function4_836 421884 351 4 837
function1_837 422420 32 1 838
function1_838 422970 26 1 839
function2_839 423241 160 2 840
function5_840 423821 2408 5 841
function5_841 423938 2637 5 842
function1_842 423997 49 1 843
function1_843 424065 25 1 844
function1_844 424370 25 1 845
function2_845 424644 82 2 846
function1_846 425052 40 1 847
function1_847 425622 23 1 848
function1_848 426047 24 1 849
function5_849 427049 2049 5 850
function5_850 427174 1500 5 851
function5_851 428361 10 5 852
function2_852 431641 38 2 853
function1_853 432133 37 1 854
function1_854 432162 10 1 855
function5_855 432940 1105 5 856
function2_856 434712 71 2 857
function4_857 435029 331 4 858
function5_858 435199 1495 5 859
function5_859 435882 2366 5 860
function1_860 436026 27 1 861
function5_861 436342 1814 5 862
function1_862 436368 23 1 863
function1_863 436466 23 1 864
function4_864 436722 282 4 865
function4_865 436799 389 4 866
function1_866 436830 10 1 867
function1_867 437156 23 1 868
function1_868 437244 10 1 869
function1_869 440076 10 1 870
function4_870 440634 406 4 871
function1_871 441448 37 1 872
function2_872 441773 57 2 873
function2_873 441916 73 2 874
function4_874 443303 309 4 875
function3_875 444337 174 3 876
function1_876 444416 13 1 877
function1_877 444920 33 1 878
function5_878 445530 10 5 879
function4_879 445589 140 4 880
function5_880 445656 2558 5 881
function2_881 446264 83 2 882
function4_882 446308 265 4 883
function1_883 446354 20 1 884
function1_884 446405 23 1 885
function4_885 448962 92 4 886
function4_886 449280 313 4 887
function4_887 449412 569 4 888
function4_888 449718 449 4 889
function1_889 450573 36 1 890
function4_890 451323 502 4 891
function2_891 451684 132 2 892
function5_892 452205 2108 5 893
function1_893 452416 23 1 894
function2_894 452544 77 2 895
function2_895 453418 62 2 896
function2_896 455712 19 2 897
function5_897 456577 2517 5 898
function4_898 457206 294 4 899
function1_899 457536 27 1 900
function5_900 457570 2506 5 901
function4_901 457939 94 4 902
function4_902 458225 136 4 903
function1_903 458486 11 1 904
function1_904 460420 42 1 905
function4_905 461011 415 4 906
function1_906 461137 39 1 907
function4_907 461956 307 4 908
function1_908 462068 56 1 909
function1_909 462394 35 1 910
function2_910 462776 83 2 911
function1_911 463106 47 1 912
function5_912 463417 2688 5 913
function4_913 463466 468 4 914
function2_914 464208 98 2 915
function1_915 464420 17 1 916
function4_916 464742 338 4 917
function3_917 466721 211 3 918
function1_918 466758 20 1 919
function4_919 470060 54 4 920
function1_920 470345 20 1 921
function2_921 471007 56 2 922
function1_922 471947 17 1 923
function5_923 471958 2593 5 924
function3_924 472074 97 3 925
function1_925 472722 14 1 926
function1_926 473146 10 1 927
function4_927 473768 283 4 928
function3_928 473915 153 3 929
function1_929 475145 14 1 930
function4_930 475163 292 4 931
function5_931 475679 3045 5 932
function5_932 475688 437 5 933
function4_933 477096 289 4 934
function4_934 477276 317 4 935
function4_935 477468 178 4 936
function4_936 477747 251 4 937
function5_937 477851 1444 5 938
function5_938 478351 990 5 939
function4_939 478463 444 4 940
function5_940 478578 2606 5 941
function1_941 479048 28 1 942
function1_942 479746 27 1 943
function3_943 479779 225 3 944
function4_944 480116 277 4 945
function4_945 480410 204 4 946
function1_946 480472 27 1 947
function1_947 480573 24 1 948
function3_948 480769 165 3 949
function1_949 481517 46 1 950
function1_950 481670 23 1 951
function5_951 481697 2354 5 952
function1_952 482272 53 1 953
function4_953 483260 335 4 954
function1_954 483429 22 1 955
function1_955 483593 39 1 956
function1_956 484273 35 1 957
function2_957 484497 85 2 958
function1_958 484560 23 1 959
function4_959 484714 430 4 960
function3_960 485160 236 3 961
function4_961 485879 212 4 962
function5_962 486090 2473 5 963
function4_963 486368 408 4 964
function4_964 486662 530 4 965
function1_965 487269 35 1 966
function2_966 487724 10 2 967
function4_967 488318 648 4 968
function4_968 489714 207 4 969
function1_969 490701 39 1 970
function2_970 490791 74 2 971
function4_971 491296 281 4 972
function1_972 491941 54 1 973
function5_973 492406 1910 5 974
function1_974 493265 15 1 975
function1_975 493371 17 1 976
function4_976 493725 176 4 977
function1_977 493770 32 1 978
function1_978 493810 40 1 979
function1_979 494071 29 1 980
function1_980 494233 37 1 981
function1_981 494828 40 1 982
function1_982 494853 48 1 983
function5_983 495060 2546 5 984
function1_984 495824 32 1 985
function3_985 495899 172 3 986
function4_986 496586 119 4 987
function1_987 497203 42 1 988
function3_988 497811 164 3 989
function1_989 499807 26 1 990
function1_990 500767 23 1 991
function1_991 501053 30 1 992
function1_992 501939 36 1 993
function4_993 502011 213 4 994
function2_994 503272 118 2 995
function3_995 503694 92 3 996
function1_996 504586 34 1 997
function1_997 504628 44 1 998
function2_998 504932 34 2 999
function1_999 505600 36 1 1000
function5_1000 505864 2516 5 1001
function1_1001 505910 41 1 1002
function1_1002 506009 30 1 1003
function1_1003 506301 12 1 1004
function1_1004 507085 42 1 1005
function4_1005 507386 449 4 1006
function1_1006 507445 21 1 1007
function4_1007 508557 573 4 1008
function1_1008 508758 20 1 1009
function4_1009 509324 230 4 1010
function5_1010 509718 1328 5 1011
function4_1011 510304 141 4 1012
function1_1012 510751 23 1 1013
function4_1013 511876 329 4 1014
function3_1014 512278 118 3 1015
function1_1015 512790 41 1 1016
function1_1016 512812 11 1 1017
function4_1017 514890 159 4 1018
function3_1018 516070 294 3 1019
function5_1019 516323 1715 5 1020
function1_1020 516499 15 1 1021
function2_1021 516811 86 2 1022
function1_1022 517671 43 1 1023
function1_1023 517881 24 1 1024
function4_1024 518049 287 4 1025
function1_1025 519013 35 1 1026
function3_1026 519129 116 3 1027
function5_1027 519639 3838 5 1028
function1_1028 519773 49 1 1029
function1_1029 523189 24 1 1030
function1_1030 526186 10 1 1031
function5_1031 529997 2906 5 1032
function1_1032 530206 23 1 1033
function2_1033 530276 121 2 1034
function5_1034 530768 1637 5 1035
function1_1035 531096 37 1 1036
function2_1036 531820 132 2 1037
function4_1037 532298 373 4 1038
function5_1038 534713 2129 5 1039
function1_1039 536078 24 1 1040
function1_1040 536113 15 1 1041
function1_1041 536345 20 1 1042
function1_1042 538103 21 1 1043
function4_1043 538143 396 4 1044
function2_1044 538515 41 2 1045
function1_1045 538623 36 1 1046
function1_1046 538896 27 1 1047
function1_1047 538916 10 1 1048
function1_1048 539550 44 1 1049
function1_1049 539879 30 1 1050
function1_1050 540964 10 1 1051
function3_1051 541910 61 3 1052
function1_1052 542305 33 1 1053
function1_1053 542520 16 1 1054
function1_1054 544831 33 1 1055
function1_1055 545313 12 1 1056
function5_1056 545439 555 5 1057
function3_1057 546164 104 3 1058
function4_1058 546838 358 4 1059
function4_1059 547212 163 4 1060
function5_1060 547375 2970 5 1061
function4_1061 547648 240 4 1062
function4_1062 548026 498 4 1063
function1_1063 548557 16 1 1064
function1_1064 548614 49 1 1065
function1_1065 549149 10 1 1066
function4_1066 551116 172 4 1067
function3_1067 552268 90 3 1068
function3_1068 553141 76 3 1069
function4_1069 553266 395 4 1070
function1_1070 553337 39 1 1071
function4_1071 553449 427 4 1072
function3_1072 556146 186 3 1073
function3_1073 556323 131 3 1074
function1_1074 556529 48 1 1075
function4_1075 556664 122 4 1076
function4_1076 556809 249 4 1077
function1_1077 557099 16 1 1078
function1_1078 557130 44 1 1079
function1_1079 557899 21 1 1080
function5_1080 557921 1909 5 1081
function2_1081 559487 32 2 1082
function3_1082 560013 209 3 1083
function5_1083 560134 1240 5 1084
function5_1084 560205 973 5 1085
function1_1085 560871 43 1 1086
function1_1086 561595 21 1 1087
function4_1087 561658 379 4 1088
function2_1088 561859 55 2 1089
function1_1089 562103 35 1 1090
function2_1090 562484 32 2 1091
function5_1091 562662 1287 5 1092
function1_1092 562714 11 1 1093
function1_1093 563277 24 1 1094
function3_1094 563429 133 3 1095
function1_1095 563728 10 1 1096
function4_1096 563772 197 4 1097
function3_1097 563845 66 3 1098
function4_1098 564441 237 4 1099
function1_1099 564600 33 1 1100
function2_1100 565427 47 2 1101
function1_1101 566687 17 1 1102
function4_1102 566847 576 4 1103
function1_1103 566936 17 1 1104
function4_1104 568631 134 4 1105
function5_1105 568664 475 5 1106
function2_1106 568785 60 2 1107
function1_1107 568838 22 1 1108
function1_1108 569974 10 1 1109
function2_1109 571212 67 2 1110
function2_1110 571569 98 2 1111
function3_1111 571990 106 3 1112
function4_1112 572089 304 4 1113
function1_1113 573223 26 1 1114
function4_1114 573297 166 4 1115
function1_1115 573679 25 1 1116
function4_1116 573730 387 4 1117
function1_1117 574039 50 1 1118
function1_1118 574079 33 1 1119
function1_1119 574298 51 1 1120
function1_1120 574464 20 1 1121
function1_1121 574505 13 1 1122
function1_1122 575677 31 1 1123
function1_1123 576007 37 1 1124
function5_1124 576335 1999 5 1125
function1_1125 576501 13 1 1126
function1_1126 576515 29 1 1127
function4_1127 576810 269 4 1128
function5_1128 577022 1771 5 1129
function4_1129 577395 430 4 1130
function2_1130 577559 29 2 1131
function4_1131 577593 352 4 1132
function1_1132 577975 28 1 1133
function2_1133 578069 103 2 1134
function4_1134 578755 196 4 1135
function4_1135 578899 444 4 1136
function1_1136 579173 16 1 1137
function1_1137 579246 29 1 1138
function1_1138 579591 17 1 1139
function2_1139 579691 51 2 1140
function1_1140 579999 36 1 1141
function5_1141 581083 3010 5 1142
function1_1142 581789 36 1 1143
function1_1143 582969 10 1 1144
function1_1144 583169 37 1 1145
function1_1145 583556 39 1 1146
function2_1146 583578 10 2 1147
function1_1147 584860 20 1 1148
function4_1148 585720 312 4 1149
function4_1149 586649 210 4 1150
function2_1150 586768 94 2 1151
function4_1151 587025 366 4 1152
function1_1152 587840 13 1 1153
function1_1153 588107 10 1 1154
function5_1154 588724 669 5 1155
function1_1155 590393 47 1 1156
function1_1156 591082 29 1 1157
function1_1157 591309 12 1 1158
function5_1158 591312 1914 5 1159
function1_1159 591459 10 1 1160
function5_1160 591839 1677 5 1161
function1_1161 592425 10 1 1162
function5_1162 592585 1631 5 1163
function4_1163 593783 264 4 1164
function4_1164 593795 173 4 1165
function1_1165 594562 32 1 1166
function4_1166 594989 571 4 1167
function4_1167 595377 462 4 1168
function4_1168 595938 197 4 1169
function1_1169 596172 42 1 1170
function2_1170 596379 129 2 1171
function4_1171 596670 543 4 1172
function5_1172 597953 3861 5 1173
function1_1173 599142 10 1 1174
function3_1174 599380 205 3 1175
function1_1175 601577 26 1 1176
function5_1176 601826 1836 5 1177
function1_1177 601962 10 1 1178
function4_1178 602595 371 4 1179
function1_1179 603860 20 1 1180
function5_1180 604122 2502 5 1181
function1_1181 604808 45 1 1182
function1_1182 604929 26 1 1183
function4_1183 604982 281 4 1184
function4_1184 606007 507 4 1185
function1_1185 606553 44 1 1186
function1_1186 606820 31 1 1187
function5_1187 608173 848 5 1188
function1_1188 608954 26 1 1189
function5_1189 609737 10 5 1190
function1_1190 609788 10 1 1191
function3_1191 609819 174 3 1192
function5_1192 610104 2835 5 1193
function1_1193 610204 28 1 1194
function1_1194 610722 24 1 1195
function5_1195 611232 991 5 1196
function3_1196 611427 198 3 1197
function3_1197 612145 86 3 1198
function3_1198 613827 204 3 1199
function4_1199 614809 484 4 1200
function5_1200 614880 2291 5 1201
function4_1201 615299 359 4 1202
function2_1202 615436 96 2 1203
function2_1203 615472 39 2 1204
function3_1204 615629 35 3 1205
function1_1205 617501 22 1 1206
function1_1206 618052 40 1 1207
function1_1207 618294 31 1 1208
function1_1208 619717 40 1 1209
function4_1209 621021 345 4 1210
function4_1210 621136 345 4 1211
function5_1211 622280 2072 5 1212
function4_1212 623376 196 4 1213
function1_1213 623813 51 1 1214
function3_1214 623836 144 3 1215
function1_1215 623925 37 1 1216
function4_1216 624078 241 4 1217
function5_1217 625483 1875 5 1218
function5_1218 626308 2960 5 1219
function5_1219 627294 1971 5 1220
function4_1220 627340 282 4 1221
function1_1221 627932 23 1 1222
function4_1222 628000 187 4 1223
function1_1223 628244 27 1 1224
function5_1224 629294 1576 5 1225
function1_1225 629526 10 1 1226
function1_1226 629565 10 1 1227
function4_1227 630313 235 4 1228
function1_1228 630694 10 1 1229
function5_1229 630795 1194 5 1230
function1_1230 631624 44 1 1231
function2_1231 631786 36 2 1232
function1_1232 632776 10 1 1233
function5_1233 633357 527 5 1234
function2_1234 633493 89 2 1235
function4_1235 633737 62 4 1236
function1_1236 634151 34 1 1237
function2_1237 634668 135 2 1238
function2_1238 635039 61 2 1239
function1_1239 635466 39 1 1240
function4_1240 635471 367 4 1241
function5_1241 635864 1565 5 1242
function1_1242 637012 10 1 1243
function1_1243 638094 44 1 1244
function5_1244 639646 948 5 1245
function1_1245 639755 32 1 1246
function2_1246 640918 78 2 1247
function1_1247 642240 36 1 1248
function1_1248 644571 36 1 1249
function1_1249 645370 10 1 1250
function3_1250 645671 218 3 1251
function5_1251 646485 2780 5 1252
function4_1252 646652 339 4 1253
function1_1253 647191 23 1 1254
function5_1254 647316 1997 5 1255
function2_1255 647447 63 2 1256
function2_1256 647790 76 2 1257
function1_1257 647804 56 1 1258
function4_1258 647846 68 4 1259
function2_1259 647945 105 2 1260
function1_1260 648382 20 1 1261
function1_1261 648637 10 1 1262
function1_1262 648952 49 1 1263
function2_1263 649368 72 2 1264
function2_1264 650019 126 2 1265
function1_1265 650935 23 1 1266
function5_1266 651685 2403 5 1267
function1_1267 652457 10 1 1268
function1_1268 652555 27 1 1269
function5_1269 652918 1672 5 1270
function1_1270 653196 38 1 1271
function4_1271 653377 282 4 1272
function1_1272 653909 16 1 1273
function3_1273 654006 164 3 1274
function1_1274 654266 35 1 1275
function1_1275 654477 10 1 1276
function5_1276 654895 1192 5 1277
function1_1277 654930 22 1 1278
function1_1278 654982 10 1 1279
function1_1279 655270 18 1 1280
function1_1280 655292 41 1 1281
function4_1281 656331 445 4 1282
function4_1282 657196 74 4 1283
function1_1283 657607 22 1 1284
function3_1284 657764 159 3 1285
function3_1285 658241 90 3 1286
function1_1286 658475 38 1 1287
function4_1287 659695 437 4 1288
function3_1288 660924 149 3 1289
function1_1289 660927 10 1 1290
function4_1290 661765 296 4 1291
function4_1291 661902 495 4 1292
function1_1292 661972 33 1 1293
function1_1293 662770 32 1 1294
function1_1294 662782 12 1 1295
function1_1295 663298 16 1 1296
function4_1296 664030 192 4 1297
function1_1297 665063 35 1 1298
function4_1298 667242 163 4 1299
function2_1299 667483 83 2 1300
function5_1300 668409 3686 5 1301
function4_1301 669272 487 4 1302
function1_1302 669821 24 1 1303
function1_1303 670423 19 1 1304
function1_1304 670754 32 1 1305
function3_1305 671861 255 3 1306
function4_1306 672457 454 4 1307
function4_1307 674559 379 4 1308
function4_1308 676023 406 4 1309
function3_1309 677333 166 3 1310
function3_1310 677456 116 3 1311
function4_1311 678042 387 4 1312
function1_1312 678074 41 1 1313
function1_1313 678291 39 1 1314
function2_1314 678449 80 2 1315
function5_1315 678565 1818 5 1316
function1_1316 680097 25 1 1317
function4_1317 680199 297 4 1318
function1_1318 680607 45 1 1319
function5_1319 681015 2368 5 1320
function1_1320 681485 40 1 1321
function1_1321 681994 44 1 1322
function5_1322 682224 2339 5 1323
function2_1323 682313 104 2 1324
function1_1324 682541 11 1 1325
function3_1325 682559 86 3 1326
function2_1326 682587 93 2 1327
function4_1327 682834 455 4 1328
function1_1328 685081 32 1 1329
function5_1329 685851 1474 5 1330
function1_1330 686723 14 1 1331
function4_1331 687392 406 4 1332
function2_1332 687526 92 2 1333
function4_1333 688727 297 4 1334
function2_1334 689385 121 2 1335
function1_1335 690344 39 1 1336
function1_1336 690385 25 1 1337
function5_1337 690779 1753 5 1338
function1_1338 691485 10 1 1339
function4_1339 692084 130 4 1340
function5_1340 692806 3681 5 1341
function4_1341 693115 104 4 1342
function5_1342 693161 2016 5 1343
function4_1343 693356 399 4 1344
function1_1344 693434 14 1 1345
function5_1345 694578 2218 5 1346
function4_1346 696226 191 4 1347
function3_1347 696281 134 3 1348
function1_1348 697179 41 1 1349
function1_1349 697194 21 1 1350
function4_1350 697290 284 4 1351
function4_1351 697450 392 4 1352
function4_1352 697487 657 4 1353
function1_1353 697631 46 1 1354
function1_1354 697970 37 1 1355
function5_1355 698055 1810 5 1356
function4_1356 698120 109 4 1357
function1_1357 698144 37 1 1358
function1_1358 698192 27 1 1359
function4_1359 698695 181 4 1360
function1_1360 698729 15 1 1361
function1_1361 699402 10 1 1362
function5_1362 699863 2916 5 1363
function1_1363 703792 12 1 1364
function3_1364 704685 269 3 1365
function3_1365 705171 194 3 1366
function4_1366 705464 131 4 1367
function4_1367 705563 333 4 1368
function1_1368 706988 10 1 1369
function3_1369 707252 244 3 1370
function1_1370 707885 13 1 1371
function1_1371 708337 44 1 1372
function5_1372 708946 1792 5 1373
function1_1373 708970 10 1 1374
function2_1374 708972 148 2 1375
function4_1375 709173 232 4 1376
function1_1376 709324 28 1 1377
function5_1377 709544 1990 5 1378
function4_1378 710036 209 4 1379
function4_1379 710272 414 4 1380
function4_1380 710437 215 4 1381
function4_1381 710737 79 4 1382
function1_1382 710804 10 1 1383
function1_1383 710843 10 1 1384
function2_1384 711498 115 2 1385
function1_1385 711570 32 1 1386
function1_1386 711592 32 1 1387
function4_1387 711641 409 4 1388
function1_1388 711996 28 1 1389
function1_1389 712280 26 1 1390
function1_1390 712405 19 1 1391
function1_1391 712882 17 1 1392
function2_1392 713054 27 2 1393
function5_1393 714807 1640 5 1394
function4_1394 715132 530 4 1395
function1_1395 715931 44 1 1396
function4_1396 715992 186 4 1397
function2_1397 717147 42 2 1398
function1_1398 717199 41 1 1399
function2_1399 717441 82 2 1400
function4_1400 718296 88 4 1401
function2_1401 718725 38 2 1402
function1_1402 719158 10 1 1403
function2_1403 719489 58 2 1404
function2_1404 719852 79 2 1405
function3_1405 720513 281 3 1406
function1_1406 720611 17 1 1407
function4_1407 721124 90 4 1408
function2_1408 721182 88 2 1409
function1_1409 721508 16 1 1410
function4_1410 721570 272 4 1411
function1_1411 721647 22 1 1412
function1_1412 722842 15 1 1413
function1_1413 723180 28 1 1414
function1_1414 723566 28 1 1415
function3_1415 724000 127 3 1416
function1_1416 724337 24 1 1417
function1_1417 724708 22 1 1418
function1_1418 724796 10 1 1419
function3_1419 725172 151 3 1420
function1_1420 725313 15 1 1421
function3_1421 725696 49 3 1422
function4_1422 726003 43 4 1423
function1_1423 726200 14 1 1424
function1_1424 726245 10 1 1425
function1_1425 726922 21 1 1426
function5_1426 727095 2464 5 1427
function1_1427 728008 36 1 1428
function4_1428 728448 64 4 1429
function1_1429 729547 10 1 1430
function1_1430 729575 10 1 1431
function1_1431 730011 10 1 1432
function5_1432 730231 3604 5 1433
function1_1433 730709 31 1 1434
function4_1434 731602 379 4 1435
function4_1435 731674 355 4 1436
function1_1436 731959 30 1 1437
function4_1437 732351 340 4 1438
function5_1438 732503 1377 5 1439
function5_1439 732756 1612 5 1440
function1_1440 733371 34 1 1441
function5_1441 733642 2387 5 1442
function1_1442 733646 10 1 1443
function1_1443 733843 10 1 1444
function4_1444 734221 262 4 1445
function1_1445 734913 19 1 1446
function2_1446 734970 59 2 1447
function3_1447 735635 89 3 1448
function1_1448 735859 15 1 1449
function4_1449 735997 334 4 1450
function3_1450 736318 76 3 1451
function4_1451 736840 166 4 1452
function2_1452 737303 97 2 1453
function4_1453 738431 264 4 1454
function5_1454 738434 2345 5 1455
function1_1455 738908 29 1 1456
function4_1456 739194 148 4 1457
function2_1457 739399 94 2 1458
function2_1458 739835 10 2 1459
function3_1459 739858 129 3 1460
function1_1460 740559 10 1 1461
function1_1461 740999 10 1 1462
function1_1462 741493 26 1 1463
function4_1463 741713 510 4 1464
function5_1464 741892 1683 5 1465
function1_1465 742465 34 1 1466
function1_1466 742884 31 1 1467
function1_1467 742890 14 1 1468
function1_1468 743168 18 1 1469
function1_1469 743423 27 1 1470
function2_1470 743523 86 2 1471
function1_1471 745145 43 1 1472
function1_1472 745192 33 1 1473
function5_1473 745483 1398 5 1474
function1_1474 745926 29 1 1475
function1_1475 746187 20 1 1476
function4_1476 746405 166 4 1477
function1_1477 746613 24 1 1478
function1_1478 746694 34 1 1479
function4_1479 746714 295 4 1480
function1_1480 747631 32 1 1481
function2_1481 747706 32 2 1482
function5_1482 747940 1953 5 1483
function3_1483 748095 156 3 1484
function4_1484 748234 334 4 1485
function4_1485 749488 442 4 1486
function1_1486 749705 40 1 1487
function1_1487 750035 19 1 1488
function1_1488 751054 50 1 1489
function2_1489 751337 47 2 1490
function1_1490 751433 18 1 1491
function4_1491 751624 314 4 1492
function1_1492 752058 17 1 1493
function4_1493 752191 352 4 1494
function1_1494 752265 18 1 1495
function4_1495 752726 282 4 1496
function5_1496 753345 3919 5 1497
function5_1497 753527 3050 5 1498
function2_1498 753975 56 2 1499
function5_1499 754231 1153 5 1500
function5_1500 754923 1302 5 1501
function1_1501 755170 43 1 1502
function2_1502 755177 40 2 1503
function1_1503 756012 39 1 1504
function1_1504 756437 37 1 1505
function1_1505 756515 23 1 1506
function1_1506 756762 29 1 1507
function3_1507 756852 168 3 1508
function4_1508 757173 344 4 1509
function1_1509 757281 31 1 1510
function4_1510 757644 499 4 1511
function4_1511 757723 447 4 1512
function1_1512 757894 26 1 1513
function4_1513 758670 25 4 1514
function5_1514 758939 2348 5 1515
function4_1515 758972 165 4 1516
function1_1516 759328 34 1 1517
function1_1517 759478 24 1 1518
function4_1518 759677 293 4 1519
function3_1519 759743 201 3 1520
function3_1520 760513 201 3 1521
function5_1521 760857 2561 5 1522
function4_1522 761051 157 4 1523
function4_1523 761297 249 4 1524
function4_1524 761312 233 4 1525
function1_1525 761355 13 1 1526
function3_1526 761765 234 3 1527
function4_1527 761768 134 4 1528
function1_1528 761838 56 1 1529
function3_1529 762044 186 3 1530
function4_1530 762090 92 4 1531
function4_1531 762405 297 4 1532
function4_1532 762516 10 4 1533
function5_1533 763364 1211 5 1534
function4_1534 763807 85 4 1535
function1_1535 763883 17 1 1536
function1_1536 764586 10 1 1537
function4_1537 765683 400 4 1538
function5_1538 766373 36 5 1539
function4_1539 766660 255 4 1540
function2_1540 766824 98 2 1541
function1_1541 766871 27 1 1542
function1_1542 767254 31 1 1543
function1_1543 767264 10 1 1544
function1_1544 767776 10 1 1545
function3_1545 769596 262 3 1546
function1_1546 769775 18 1 1547
function1_1547 769987 10 1 1548
function4_1548 770036 334 4 1549
function4_1549 770264 408 4 1550
function1_1550 770635 10 1 1551
function1_1551 771360 31 1 1552
function1_1552 771463 10 1 1553
function4_1553 772230 225 4 1554
function5_1554 772912 1584 5 1555
function4_1555 773153 203 4 1556
function1_1556 773367 31 1 1557
function3_1557 773720 71 3 1558
function1_1558 773953 10 1 1559
function4_1559 774050 294 4 1560
function4_1560 774120 476 4 1561
function1_1561 774171 28 1 1562
function1_1562 774610 29 1 1563
function2_1563 775479 108 2 1564
function5_1564 776126 1550 5 1565
function1_1565 777501 23 1 1566
function1_1566 777921 35 1 1567
function5_1567 778092 3781 5 1568
function4_1568 778196 10 4 1569
function5_1569 778211 2044 5 1570
function5_1570 778578 1296 5 1571
function1_1571 779144 45 1 1572
function1_1572 779338 31 1 1573
function2_1573 780477 42 2 1574
function2_1574 781350 37 2 1575
function1_1575 781549 15 1 1576
function1_1576 781999 36 1 1577
function1_1577 782134 51 1 1578
function4_1578 782192 242 4 1579
function4_1579 783035 10 4 1580
function1_1580 784093 10 1 1581
function4_1581 784109 529 4 1582
function4_1582 784528 520 4 1583
function5_1583 784544 2363 5 1584
function1_1584 785663 22 1 1585
function1_1585 786084 14 1 1586
function4_1586 786781 212 4 1587
function1_1587 786877 10 1 1588
function1_1588 786895 30 1 1589
function4_1589 788030 196 4 1590
function4_1590 788147 485 4 1591
function4_1591 788824 430 4 1592
function1_1592 789061 12 1 1593
function2_1593 789455 79 2 1594
function4_1594 789512 173 4 1595
function5_1595 789975 1725 5 1596
function1_1596 790604 10 1 1597
function4_1597 790757 416 4 1598
function1_1598 791247 21 1 1599
function1_1599 791381 51 1 1600
function5_1600 791522 1359 5 1601
function5_1601 791584 2733 5 1602
function5_1602 792183 4468 5 1603
function4_1603 792306 300 4 1604
function4_1604 793146 428 4 1605
function1_1605 793152 33 1 1606
function1_1606 793240 32 1 1607
function1_1607 793706 18 1 1608
function1_1608 794347 27 1 1609
function3_1609 794430 49 3 1610
function1_1610 794575 19 1 1611
function4_1611 794673 474 4 1612
function5_1612 794703 794 5 1613
function1_1613 794775 38 1 1614
function1_1614 795095 29 1 1615
function1_1615 796214 37 1 1616
function4_1616 796221 384 4 1617
function1_1617 796397 30 1 1618
function2_1618 796561 85 2 1619
function1_1619 797329 12 1 1620
function1_1620 797751 26 1 1621
function4_1621 798492 335 4 1622
function4_1622 798607 289 4 1623
function1_1623 800246 42 1 1624
function4_1624 800576 389 4 1625
function1_1625 802366 38 1 1626
function1_1626 802923 15 1 1627
function1_1627 803995 11 1 1628
function1_1628 804963 21 1 1629
function2_1629 805016 90 2 1630
function4_1630 805361 220 4 1631
function1_1631 805506 27 1 1632
function1_1632 805843 26 1 1633
function5_1633 807017 887 5 1634
function4_1634 807043 549 4 1635
function2_1635 808176 80 2 1636
function5_1636 808209 2290 5 1637
function4_1637 808324 10 4 1638
function5_1638 808470 2385 5 1639
function1_1639 808652 13 1 1640
function4_1640 809277 451 4 1641
function1_1641 811754 10 1 1642
function1_1642 812107 27 1 1643
function1_1643 812426 24 1 1644
function5_1644 812684 2768 5 1645
function1_1645 813343 29 1 1646
function4_1646 814168 10 4 1647
function1_1647 814327 16 1 1648
function1_1648 814499 34 1 1649
function4_1649 814547 465 4 1650
function3_1650 814566 224 3 1651
function1_1651 814797 21 1 1652
function1_1652 815223 25 1 1653
function5_1653 815366 2797 5 1654
function4_1654 815715 401 4 1655
function3_1655 816032 241 3 1656
function4_1656 816715 286 4 1657
function5_1657 817004 982 5 1658
function4_1658 817106 304 4 1659
function5_1659 817814 1691 5 1660
function1_1660 817910 24 1 1661
function1_1661 818527 10 1 1662
function5_1662 818598 877 5 1663
function1_1663 819538 41 1 1664
function4_1664 819552 423 4 1665
function1_1665 821447 25 1 1666
function1_1666 823171 47 1 1667
function1_1667 823619 33 1 1668
function5_1668 823950 2998 5 1669
function4_1669 824467 378 4 1670
function4_1670 825335 336 4 1671
function5_1671 825968 4130 5 1672
function4_1672 826497 213 4 1673
function1_1673 826869 44 1 1674
function1_1674 827035 15 1 1675
function1_1675 827257 31 1 1676
function4_1676 828874 145 4 1677
function1_1677 828964 32 1 1678
function1_1678 829234 10 1 1679
function1_1679 829604 31 1 1680
function1_1680 829743 36 1 1681
function5_1681 830199 75 5 1682
function1_1682 830398 10 1 1683
function1_1683 832171 16 1 1684
function4_1684 832317 342 4 1685
function2_1685 832676 93 2 1686
function4_1686 832780 367 4 1687
function4_1687 833108 310 4 1688
function4_1688 833188 243 4 1689
function1_1689 833604 22 1 1690
function1_1690 835093 30 1 1691
function1_1691 835808 19 1 1692
function1_1692 836929 27 1 1693
function5_1693 837197 3037 5 1694
function5_1694 839685 2112 5 1695
function4_1695 839764 264 4 1696
function4_1696 841699 119 4 1697
function5_1697 841723 2175 5 1698
function5_1698 841912 2321 5 1699
function5_1699 843652 458 5 1700
function4_1700 844201 356 4 1701
function2_1701 844501 119 2 1702
function5_1702 844953 1939 5 1703
function5_1703 845459 2148 5 1704
function4_1704 846152 481 4 1705
function2_1705 846784 34 2 1706
function4_1706 846959 372 4 1707
function3_1707 847183 196 3 1708
function1_1708 847632 30 1 1709
function1_1709 848051 24 1 1710
function1_1710 848245 30 1 1711
function5_1711 849604 2823 5 1712
function2_1712 849813 107 2 1713
function1_1713 849949 19 1 1714
function4_1714 849995 258 4 1715
function1_1715 850339 13 1 1716
function1_1716 851013 28 1 1717
function5_1717 851503 1996 5 1718
function3_1718 851836 263 3 1719
function1_1719 852109 13 1 1720
function1_1720 852164 40 1 1721
function1_1721 852581 14 1 1722
function1_1722 853516 44 1 1723
function2_1723 854214 16 2 1724
function3_1724 854529 96 3 1725
function2_1725 854716 87 2 1726
function1_1726 855330 35 1 1727
function5_1727 855528 1763 5 1728
function1_1728 855687 10 1 1729
function1_1729 855724 21 1 1730
function1_1730 856302 34 1 1731
function1_1731 856710 10 1 1732
function3_1732 857226 243 3 1733
function4_1733 857558 63 4 1734
function2_1734 858062 164 2 1735
function1_1735 858309 34 1 1736
function4_1736 858831 189 4 1737
function5_1737 859644 2687 5 1738
function1_1738 859708 20 1 1739
function5_1739 859943 2465 5 1740
function1_1740 859958 20 1 1741
function4_1741 860088 32 4 1742
function1_1742 861091 44 1 1743
function4_1743 861665 270 4 1744
function1_1744 861986 40 1 1745
function1_1745 862047 10 1 1746
function1_1746 865450 12 1 1747
function2_1747 866634 10 2 1748
function2_1748 867044 134 2 1749
function1_1749 868949 10 1 1750
function5_1750 869520 968 5 1751
function1_1751 870391 40 1 1752
function4_1752 870430 269 4 1753
function4_1753 870438 280 4 1754
function1_1754 870700 11 1 1755
function4_1755 871145 189 4 1756
function1_1756 872123 40 1 1757
function1_1757 872940 18 1 1758
function1_1758 873706 10 1 1759
function4_1759 874324 401 4 1760
function1_1760 874986 21 1 1761
function5_1761 875044 617 5 1762
function4_1762 875493 528 4 1763
function3_1763 875969 248 3 1764
function5_1764 876788 728 5 1765
function1_1765 876878 26 1 1766
function5_1766 877792 1600 5 1767
function1_1767 877875 16 1 1768
function5_1768 878079 2099 5 1769
function5_1769 878246 3416 5 1770
function4_1770 879655 493 4 1771
function5_1771 880056 2363 5 1772
function3_1772 881547 140 3 1773
function1_1773 881947 16 1 1774
function3_1774 882571 231 3 1775
function1_1775 882964 54 1 1776
function4_1776 882982 315 4 1777
function4_1777 883835 429 4 1778
function1_1778 885025 14 1 1779
function4_1779 885730 280 4 1780
function1_1780 885993 10 1 1781
function1_1781 886372 10 1 1782
function1_1782 886564 28 1 1783
function1_1783 887582 32 1 1784
function1_1784 888549 10 1 1785
function5_1785 888654 870 5 1786
function4_1786 888704 168 4 1787
function1_1787 889632 39 1 1788
function5_1788 890181 1143 5 1789
function1_1789 890960 17 1 1790
function5_1790 892742 2131 5 1791
function1_1791 893753 16 1 1792
function3_1792 894626 91 3 1793
function1_1793 894711 22 1 1794
function3_1794 895025 64 3 1795
function2_1795 895433 41 2 1796
function2_1796 897106 49 2 1797
function1_1797 897939 19 1 1798
function2_1798 898118 40 2 1799
function1_1799 898170 15 1 1800
function1_1800 898171 27 1 1801
function4_1801 899270 31 4 1802
function4_1802 900896 303 4 1803
function1_1803 901219 10 1 1804
function5_1804 901749 842 5 1805
function1_1805 901841 13 1 1806
function1_1806 901852 19 1 1807
function5_1807 901864 1241 5 1808
function4_1808 903046 213 4 1809
function2_1809 903599 81 2 1810
function5_1810 903646 1254 5 1811
function5_1811 904245 2581 5 1812
function4_1812 904614 289 4 1813
function3_1813 905229 183 3 1814
function4_1814 906643 262 4 1815
function1_1815 906720 50 1 1816
function1_1816 907164 24 1 1817
function1_1817 907535 25 1 1818
function4_1818 908088 115 4 1819
function5_1819 908093 1188 5 1820
function2_1820 908392 115 2 1821
function1_1821 909451 28 1 1822
function1_1822 910531 17 1 1823
function1_1823 911129 25 1 1824
function3_1824 911794 231 3 1825
function5_1825 912158 1533 5 1826
function5_1826 912232 905 5 1827
function1_1827 912387 25 1 1828
function1_1828 912998 10 1 1829
function4_1829 914077 399 4 1830
function2_1830 914244 81 2 1831
function3_1831 914361 206 3 1832
function4_1832 916845 361 4 1833
function1_1833 918071 47 1 1834
function5_1834 918261 1611 5 1835
function5_1835 918600 3313 5 1836
function2_1836 919077 22 2 1837
function1_1837 919097 15 1 1838
function5_1838 919300 1462 5 1839
function1_1839 920068 10 1 1840
function1_1840 920508 48 1 1841
function5_1841 920590 2718 5 1842
function1_1842 920810 30 1 1843
function1_1843 921157 36 1 1844
function5_1844 921255 836 5 1845
function2_1845 922416 89 2 1846
function4_1846 922743 163 4 1847
function1_1847 923166 33 1 1848
function2_1848 923846 84 2 1849
function4_1849 924888 259 4 1850
function4_1850 924934 188 4 1851
function4_1851 925460 169 4 1852
function1_1852 925565 13 1 1853
function3_1853 925597 158 3 1854
function1_1854 926095 13 1 1855
function5_1855 926556 2394 5 1856
function4_1856 926707 462 4 1857
function1_1857 927140 26 1 1858
function3_1858 927605 195 3 1859
function1_1859 928353 23 1 1860
function2_1860 930433 95 2 1861
function5_1861 931510 2818 5 1862
function3_1862 931632 268 3 1863
function4_1863 932038 361 4 1864
function4_1864 932364 445 4 1865
function3_1865 932563 163 3 1866
function2_1866 932579 123 2 1867
function4_1867 932777 462 4 1868
function2_1868 934302 44 2 1869
function4_1869 935627 10 4 1870
function1_1870 936164 23 1 1871
function1_1871 936298 28 1 1872
function2_1872 936944 63 2 1873
function3_1873 937349 267 3 1874
function4_1874 937555 376 4 1875
function2_1875 937611 137 2 1876
function1_1876 937623 31 1 1877
function4_1877 937727 338 4 1878
function2_1878 938241 53 2 1879
function4_1879 938319 325 4 1880
function5_1880 940218 2963 5 1881
function5_1881 940351 1563 5 1882
function5_1882 940412 1186 5 1883
function4_1883 942241 554 4 1884
function5_1884 942471 3094 5 1885
function4_1885 942740 109 4 1886
function4_1886 943739 402 4 1887
function4_1887 944209 454 4 1888
function4_1888 944362 145 4 1889
function4_1889 945428 435 4 1890
function5_1890 946737 2516 5 1891
function4_1891 946960 408 4 1892
function5_1892 949206 589 5 1893
function5_1893 950321 2136 5 1894
function1_1894 950677 26 1 1895
function5_1895 951606 434 5 1896
function4_1896 951799 99 4 1897
function4_1897 952432 473 4 1898
function4_1898 952808 464 4 1899
function1_1899 952830 26 1 1900
function1_1900 954099 18 1 1901
function1_1901 954437 46 1 1902
function5_1902 954837 832 5 1903
function4_1903 954990 431 4 1904
function5_1904 955597 1611 5 1905
function1_1905 955751 13 1 1906
function1_1906 955765 32 1 1907
function1_1907 955860 19 1 1908
function1_1908 957262 24 1 1909
function1_1909 957268 36 1 1910
function1_1910 957603 48 1 1911
function3_1911 957758 104 3 1912
function4_1912 958207 314 4 1913
function1_1913 958754 26 1 1914
function1_1914 958807 23 1 1915
function1_1915 959064 26 1 1916
function4_1916 959818 317 4 1917
function1_1917 960027 26 1 1918
function1_1918 960183 28 1 1919
function1_1919 960657 28 1 1920
function2_1920 960942 84 2 1921
function1_1921 961096 18 1 1922
function3_1922 962071 23 3 1923
function4_1923 962499 377 4 1924
function1_1924 962531 11 1 1925
function4_1925 963098 485 4 1926
function5_1926 963768 1261 5 1927
function2_1927 963913 69 2 1928
function4_1928 964884 387 4 1929
function1_1929 965142 37 1 1930
function4_1930 965502 333 4 1931
function1_1931 967110 47 1 1932
function4_1932 967607 281 4 1933
function1_1933 967888 10 1 1934
function3_1934 969334 272 3 1935
function5_1935 969393 2648 5 1936
function1_1936 969703 11 1 1937
function3_1937 970453 10 3 1938
function1_1938 970762 51 1 1939
function4_1939 970777 350 4 1940
function5_1940 971336 3557 5 1941
function1_1941 971339 18 1 1942
function2_1942 971479 78 2 1943
function5_1943 971581 107 5 1944
function4_1944 972141 375 4 1945
function4_1945 972503 372 4 1946
function1_1946 973507 39 1 1947
function4_1947 973824 344 4 1948
function4_1948 974428 176 4 1949
function5_1949 974733 2771 5 1950
function1_1950 975612 10 1 1951
function1_1951 975970 21 1 1952
function1_1952 976151 28 1 1953
function1_1953 976407 38 1 1954
function1_1954 976493 10 1 1955
function4_1955 978078 271 4 1956
function2_1956 978184 53 2 1957
function1_1957 979377 10 1 1958
function2_1958 979545 74 2 1959
function5_1959 979689 1328 5 1960
function1_1960 980415 38 1 1961
function2_1961 981227 71 2 1962
function4_1962 981346 218 4 1963
function4_1963 981701 357 4 1964
function4_1964 981795 275 4 1965
function1_1965 982369 42 1 1966
function1_1966 982670 15 1 1967
function5_1967 982964 2623 5 1968
function5_1968 984067 271 5 1969
function5_1969 984262 2793 5 1970
function1_1970 984577 25 1 1971
function4_1971 986099 135 4 1972
function1_1972 986602 19 1 1973
function5_1973 987086 1645 5 1974
function5_1974 987677 578 5 1975
function1_1975 987681 36 1 1976
function1_1976 987882 10 1 1977
function1_1977 988184 20 1 1978
function4_1978 988260 529 4 1979
function3_1979 988813 177 3 1980
function5_1980 988986 929 5 1981
function1_1981 989119 10 1 1982
function1_1982 990361 29 1 1983
function1_1983 990808 19 1 1984
function3_1984 991487 109 3 1985
function1_1985 992586 13 1 1986
function1_1986 993018 14 1 1987
function4_1987 993027 360 4 1988
function5_1988 995033 2215 5 1989
function4_1989 995210 457 4 1990
function1_1990 995539 27 1 1991
function5_1991 995898 2191 5 1992
function1_1992 995934 30 1 1993
function1_1993 996257 25 1 1994
function5_1994 997419 4324 5 1995
function1_1995 997769 10 1 1996
function2_1996 997879 71 2 1997
function5_1997 998144 1050 5 1998
function1_1998 998818 22 1 1999
function4_1999 999203 319 4 2000
